0
10,0;11,120;14,220;19,320;26,420;35,520;46,620;59,720;74,820;1010
110,0;111,120;114,220;119,320;126,420;135,520;146,620;159,720;174,820;1020
210,0;211,120;214,220;219,320;226,420;235,520;246,620;259,720;274,820;1030
310,0;311,120;314,220;319,320;326,420;335,520;346,620;359,720;374,820;1040
410,0;411,120;414,220;419,320;426,420;435,520;446,620;459,720;474,820;1050
510,0;511,120;514,220;519,320;526,420;535,520;546,620;559,720;574,820;1060
610,0;611,120;614,220;619,320;626,420;635,520;646,620;659,720;674,820;1070
710,0;711,120;714,220;719,320;726,420;735,520;746,620;759,720;774,820;1080
810,0;811,120;814,220;819,320;826,420;835,520;846,620;859,720;874,820;1090
910,0;911,120;914,220;919,320;926,420;935,520;946,620;959,720;974,820;1100
1
10,0;11,121;14,221;19,321;26,421;35,521;46,621;59,721;74,821;1010
110,0;111,121;114,221;119,321;126,421;135,521;146,621;159,721;174,821;1020
210,0;211,121;214,221;219,321;226,421;235,521;246,621;259,721;274,821;1030
310,0;311,121;314,221;319,321;326,421;335,521;346,621;359,721;374,821;1040
410,0;411,121;414,221;419,321;426,421;435,521;446,621;459,721;474,821;1050
510,0;511,121;514,221;519,321;526,421;535,521;546,621;559,721;574,821;1060
610,0;611,121;614,221;619,321;626,421;635,521;646,621;659,721;674,821;1070
710,0;711,121;714,221;719,321;726,421;735,521;746,621;759,721;774,821;1080
810,0;811,121;814,221;819,321;826,421;835,521;846,621;859,721;874,821;1090
910,0;911,121;914,221;919,321;926,421;935,521;946,621;959,721;974,821;1100
2
10,0;11,124;14,224;19,324;26,424;35,524;46,624;59,724;74,829;1010
110,0;111,124;114,224;119,324;126,424;135,524;146,624;159,724;174,824;1020
210,0;211,124;214,224;219,324;226,424;235,524;246,624;259,724;274,824;1030
310,0;311,124;314,224;319,324;326,424;335,524;346,624;359,724;374,824;1040
410,0;411,124;414,224;419,324;426,424;435,524;446,624;459,724;474,824;1050
510,0;511,124;514,224;519,324;526,424;535,524;546,624;559,724;574,824;1060
610,0;611,124;614,224;619,324;626,424;635,524;646,624;659,724;674,824;1070
710,0;711,124;714,224;719,324;726,424;735,524;746,624;759,724;774,824;1080
810,0;811,124;814,224;819,324;826,424;835,524;846,624;859,724;874,824;1090
910,0;911,124;914,224;919,324;926,424;935,524;946,624;959,724;974,824;1100
3
10,0;11,129;14,229;19,329;26,429;35,529;46,629;59,729;74,829;1010
110,0;111,129;114,229;119,329;126,429;135,529;146,629;159,729;174,829;1020
210,0;211,129;214,229;219,329;226,429;235,529;246,629;259,729;274,829;1030
310,0;311,129;314,229;319,329;326,429;335,529;346,629;359,729;374,829;1040
410,0;411,129;414,229;419,329;426,429;435,529;446,629;459,729;474,829;1050
510,0;511,129;514,229;519,329;526,429;535,529;546,629;559,729;574,829;1060
610,0;611,129;614,229;619,329;626,429;635,529;646,629;659,729;674,829;1070
710,0;711,129;714,229;719,329;726,429;735,529;746,629;759,729;774,829;1080
810,0;811,129;814,229;819,329;826,429;835,529;846,629;859,729;874,829;1090
910,0;911,129;914,229;919,329;926,429;935,529;946,629;959,729;974,829;1100
4
10,0;11,136;14,236;19,336;26,436;35,536;46,636;59,736;74,836;1010
110,0;111,136;114,236;119,336;126,436;135,536;146,636;159,736;174,836;1020
210,0;211,136;214,236;219,336;226,436;235,536;246,636;259,736;274,836;1030
310,0;311,136;314,236;319,336;326,436;335,536;346,636;359,736;374,836;1040
410,0;411,136;414,236;419,336;426,436;435,536;446,636;459,736;474,836;1050
510,0;511,136;514,236;519,336;526,436;535,536;546,636;559,736;574,836;1060
610,0;611,136;614,236;619,336;626,436;635,536;646,636;659,736;674,836;1070
710,0;711,136;714,236;719,336;726,436;735,536;746,636;759,736;774,836;1080
810,0;811,136;814,236;819,336;826,436;835,536;846,636;859,736;874,836;1090
910,0;911,136;914,236;919,336;926,436;935,536;946,636;959,736;974,836;1100
5
10,0;11,145;14,245;19,345;26,445;35,545;46,645;59,745;74,845;1010
110,0;111,145;114,245;119,345;126,445;135,545;146,645;159,745;174,845;1020
210,0;211,145;214,245;219,345;226,445;235,545;246,645;259,745;274,845;1030
310,0;311,145;314,245;319,345;326,445;335,545;346,645;359,745;374,845;1040
410,0;411,145;414,245;419,345;426,445;435,545;446,645;459,745;474,845;1050
510,0;511,145;514,245;519,345;526,445;535,545;546,645;559,745;574,845;1060
610,0;611,145;614,245;619,345;626,445;635,545;646,645;659,745;674,845;1070
710,0;711,145;714,245;719,345;726,445;735,545;746,645;759,745;774,845;1080
810,0;811,145;814,245;819,345;826,445;835,545;846,645;859,745;874,845;1090
910,0;911,145;914,245;919,345;926,445;935,545;946,645;959,745;974,845;1100
6
10,0;11,156;14,256;19,356;26,456;35,556;46,656;59,756;74,856;1010
110,0;111,156;114,256;119,356;126,456;135,556;146,656;159,756;174,856;1020
210,0;211,156;214,256;219,356;226,456;235,556;246,656;259,756;274,856;1030
310,0;311,156;314,256;319,356;326,456;335,556;346,656;359,756;374,856;1040
410,0;411,156;414,256;419,356;426,456;435,556;446,656;459,756;474,856;1050
510,0;511,156;514,256;519,356;526,456;535,556;546,656;559,756;574,856;1060
610,0;611,156;614,256;619,356;626,456;635,556;646,656;659,756;674,856;1070
710,0;711,156;714,256;719,356;726,456;735,556;746,656;759,756;774,856;1080
810,0;811,156;814,256;819,356;826,456;835,556;846,656;859,756;874,856;1090
910,0;911,156;914,256;919,356;926,456;935,556;946,656;959,756;974,856;1100
7
10,0;11,169;14,269;19,369;26,469;35,569;46,669;59,769;74,869;1010
110,0;111,169;114,269;119,369;126,469;135,569;146,669;159,769;174,869;1020
210,0;211,169;214,269;219,369;226,469;235,569;246,669;259,769;274,869;1030
310,0;311,169;314,269;319,369;326,469;335,569;346,669;359,769;374,869;1040
410,0;411,169;414,269;419,369;426,469;435,569;446,669;459,769;474,869;1050
510,0;511,169;514,269;519,369;526,469;535,569;546,669;559,769;574,869;1060
610,0;611,169;614,269;619,369;626,469;635,569;646,669;659,769;674,869;1070
710,0;711,169;714,269;719,369;726,469;735,569;746,669;759,769;774,869;1080
810,0;811,169;814,269;819,369;826,469;835,569;846,669;859,769;874,869;1090
910,0;911,169;914,269;919,369;926,469;935,569;946,669;959,769;974,869;1100
8
10,0;11,184;14,284;19,384;26,484;35,584;46,684;59,784;74,884;1010
110,0;111,184;114,284;119,384;126,484;135,584;146,684;159,784;174,884;1020
210,0;211,184;214,284;219,384;226,484;235,584;246,684;259,784;274,884;1030
310,0;311,184;314,284;319,384;326,484;335,584;346,684;359,784;374,884;1040
410,0;411,184;414,284;419,384;426,484;435,584;446,684;459,784;474,884;1050
510,0;511,184;514,284;519,384;526,484;535,584;546,684;559,784;574,884;1060
610,0;611,184;614,284;619,384;626,484;635,584;646,684;659,784;674,884;1070
710,0;711,184;714,284;719,384;726,484;735,584;746,684;759,784;774,884;1080
810,0;811,184;814,284;819,384;826,484;835,584;846,684;859,784;874,884;1090
910,0;911,184;914,284;919,384;926,484;935,584;946,684;959,784;974,884;1100
9
10,0;11,201;14,301;19,401;26,501;35,601;46,701;59,801;74,901;1010
110,0;111,201;114,301;119,401;126,501;135,601;146,701;159,801;174,901;1020
210,0;211,201;214,301;219,401;226,501;235,601;246,701;259,801;274,901;1030
310,0;311,201;314,301;319,401;326,501;335,601;346,701;359,801;374,901;1040
410,0;411,201;414,301;419,401;426,501;435,601;446,701;459,801;474,901;1050
510,0;511,201;514,301;519,401;526,501;535,601;546,701;559,801;574,901;1060
610,0;611,201;614,301;619,401;626,501;635,601;646,701;659,801;674,901;1070
710,0;711,201;714,301;719,401;726,501;735,601;746,701;759,801;774,901;1080
810,0;811,201;814,301;819,401;826,501;835,601;846,701;859,801;874,901;1090
910,0;911,201;914,301;919,401;926,501;935,601;946,701;959,801;974,901;1100
10
10,0;11,220;14,320;19,420;26,520;35,620;46,720;59,820;74,920;1010
110,0;111,220;114,320;119,420;126,520;135,620;146,720;159,820;174,920;1020
210,0;211,220;214,320;219,420;226,520;235,620;246,720;259,820;274,920;1030
310,0;311,220;314,320;319,420;326,520;335,620;346,720;359,820;374,920;1040
410,0;411,220;414,320;419,420;426,520;435,620;446,720;459,820;474,920;1050
510,0;511,220;514,320;519,420;526,520;535,620;546,720;559,820;574,920;1060
610,0;611,220;614,320;619,420;626,520;635,620;646,720;659,820;674,920;1070
710,0;711,220;714,320;719,420;726,520;735,620;746,720;759,820;774,920;1080
810,0;811,220;814,320;819,420;826,520;835,620;846,720;859,820;874,920;1090
910,0;911,220;914,320;919,420;926,520;935,620;946,720;959,820;974,920;1100
11
10,0;11,241;14,341;19,441;26,541;35,641;46,741;59,841;74,941;1010
110,0;111,241;114,341;119,441;126,541;135,641;146,741;159,841;174,941;1020
210,0;211,241;214,341;219,441;226,541;235,641;246,741;259,841;274,941;1030
310,0;311,241;314,341;319,441;326,541;335,641;346,741;359,841;374,941;1040
410,0;411,241;414,341;419,441;426,541;435,641;446,741;459,841;474,941;1050
510,0;511,241;514,341;519,441;526,541;535,641;546,741;559,841;574,941;1060
610,0;611,241;614,341;619,441;626,541;635,641;646,741;659,841;674,941;1070
710,0;711,241;714,341;719,441;726,541;735,641;746,741;759,841;774,941;1080
810,0;811,241;814,341;819,441;826,541;835,641;846,741;859,841;874,941;1090
910,0;911,241;914,341;919,441;926,541;935,641;946,741;959,841;974,941;1100
12
10,0;11,264;14,364;19,464;26,564;35,664;46,764;59,864;74,989;1010
110,0;111,264;114,364;119,464;126,564;135,664;146,764;159,864;174,989;1020
210,0;211,264;214,364;219,464;226,564;235,664;246,764;259,864;274,989;1030
310,0;311,264;314,364;319,464;326,564;335,664;346,764;359,864;374,989;1040
410,0;411,264;414,364;419,464;426,564;435,664;446,764;459,864;474,989;1050
510,0;511,264;514,364;519,464;526,564;535,664;546,764;559,864;574,989;1060
610,0;611,264;614,364;619,464;626,564;635,664;646,764;659,864;674,989;1070
710,0;711,264;714,364;719,464;726,564;735,664;746,764;759,864;774,989;1080
810,0;811,264;814,364;819,464;826,564;835,664;846,764;859,864;874,989;1090
910,0;911,264;914,364;919,464;926,564;935,664;946,764;959,864;974,989;1100
13
10,0;11,289;14,389;19,489;26,589;35,689;46,789;59,889;74,989;1010
110,0;111,289;114,389;119,489;126,589;135,689;146,789;159,889;174,989;1020
210,0;211,289;214,389;219,489;226,589;235,689;246,789;259,889;274,989;1030
310,0;311,289;314,389;319,489;326,589;335,689;346,789;359,889;374,989;1040
410,0;411,289;414,389;419,489;426,589;435,689;446,789;459,889;474,989;1050
510,0;511,289;514,389;519,489;526,589;535,689;546,789;559,889;574,989;1060
610,0;611,289;614,389;619,489;626,589;635,689;646,789;659,889;674,989;1070
710,0;711,289;714,389;719,489;726,589;735,689;746,789;759,889;774,989;1080
810,0;811,289;814,389;819,489;826,589;835,689;846,789;859,889;874,989;1090
910,0;911,289;914,389;919,489;926,589;935,689;946,789;959,889;974,989;1100
14
10,0;11,316;14,416;19,516;26,616;35,716;46,816;59,916;74,1016;1010
110,0;111,316;114,416;119,516;126,616;135,716;146,816;159,916;174,1016;1020
210,0;211,316;214,416;219,516;226,616;235,716;246,816;259,916;274,1016;1030
310,0;311,316;314,416;319,516;326,616;335,716;346,816;359,916;374,1016;1040
410,0;411,316;414,416;419,516;426,616;435,716;446,816;459,916;474,1016;1050
510,0;511,316;514,416;519,516;526,616;535,716;546,816;559,916;574,1016;1060
610,0;611,316;614,416;619,516;626,616;635,716;646,816;659,916;674,1016;1070
710,0;711,316;714,416;719,516;726,616;735,716;746,816;759,916;774,1016;1080
810,0;811,316;814,416;819,516;826,616;835,716;846,816;859,916;874,1016;1090
910,0;911,316;914,416;919,516;926,616;935,716;946,816;959,916;974,1016;1100
15
10,0;11,345;14,445;19,545;26,645;35,745;46,845;59,945;74,1045;1010
110,0;111,345;114,445;119,545;126,645;135,745;146,845;159,945;174,1045;1020
210,0;211,345;214,445;219,545;226,645;235,745;246,845;259,945;274,1045;1030
310,0;311,345;314,445;319,545;326,645;335,745;346,845;359,945;374,1045;1040
410,0;411,345;414,445;419,545;426,645;435,745;446,845;459,945;474,1045;1050
510,0;511,345;514,445;519,545;526,645;535,745;546,845;559,945;574,1045;1060
610,0;611,345;614,445;619,545;626,645;635,745;646,845;659,945;674,1045;1070
710,0;711,345;714,445;719,545;726,645;735,745;746,845;759,945;774,1045;1080
810,0;811,345;814,445;819,545;826,645;835,745;846,845;859,945;874,1045;1090
910,0;911,345;914,445;919,545;926,645;935,745;946,845;959,945;974,1045;1100
16
10,0;11,376;14,476;19,576;26,676;35,776;46,876;59,976;74,1076;1010
110,0;111,376;114,476;119,576;126,676;135,776;146,876;159,976;174,1076;1020
210,0;211,376;214,476;219,576;226,676;235,776;246,876;259,976;274,1076;1030
310,0;311,376;314,476;319,576;326,676;335,776;346,876;359,976;374,1076;1040
410,0;411,376;414,476;419,576;426,676;435,776;446,876;459,976;474,1076;1050
510,0;511,376;514,476;519,576;526,676;535,776;546,876;559,976;574,1076;1060
610,0;611,376;614,476;619,576;626,676;635,776;646,876;659,976;674,1076;1070
710,0;711,376;714,476;719,576;726,676;735,776;746,876;759,976;774,1076;1080
810,0;811,376;814,476;819,576;826,676;835,776;846,876;859,976;874,1076;1090
910,0;911,376;914,476;919,576;926,676;935,776;946,876;959,976;974,1076;1100
17
10,0;11,409;14,509;19,609;26,709;35,809;46,909;59,1009;74,1109;1010;
110,0;111,409;114,509;119,609;126,709;135,809;146,909;159,1009;174,1109;1020;
210,0;211,409;214,509;219,609;226,709;235,809;246,909;259,1009;274,1109;1030;
310,0;311,409;314,509;319,609;326,709;335,809;346,909;359,1009;374,1109;1040;
410,0;411,409;414,509;419,609;426,709;435,809;446,909;459,1009;474,1109;1050;
510,0;511,409;514,509;519,609;526,709;535,809;546,909;559,1009;574,1109;1060;
610,0;611,409;614,509;619,609;626,709;635,809;646,909;659,1009;674,1109;1070;
710,0;711,409;714,509;719,609;726,709;735,809;746,909;759,1009;774,1109;1080;
810,0;811,409;814,509;819,609;826,709;835,809;846,909;859,1009;874,1109;1090;
910,0;911,409;914,509;919,609;926,709;935,809;946,909;959,1009;974,1109;1100;
18
10,0;11,444;14,544;19,644;26,744;35,844;46,944;59,1044;74,1144;1010;
110,0;111,444;114,544;119,644;126,744;135,844;146,944;159,1044;174,1144;1020;
210,0;211,444;214,544;219,644;226,744;235,844;246,944;259,1044;274,1144;1130;
310,0;311,444;314,544;319,644;326,744;335,844;346,944;359,1044;374,1144;1140;
410,0;411,444;414,544;419,644;426,744;435,844;446,944;459,1044;474,1144;1150;
510,0;511,444;514,544;519,644;526,744;535,844;546,944;559,1044;574,1144;1160;
610,0;611,444;614,544;619,644;626,744;635,844;646,944;659,1044;674,1144;1170;
710,0;711,444;714,544;719,644;726,744;735,844;746,944;759,1044;774,1144;1180;
810,0;811,444;814,544;819,644;826,744;835,844;846,944;859,1044;874,1144;1190;
910,0;911,444;914,544;919,644;926,744;935,844;946,944;959,1044;974,1144;1100;
19
10,0;11,481;14,581;19,681;26,781;35,881;46,981;59,1081;74,1220;1120;1010;
110,0;111,481;114,581;119,681;126,781;135,881;146,981;159,1081;174,1181;1020;
210,0;211,481;214,581;219,681;226,781;235,881;246,981;259,1081;274,1181;1030;
310,0;311,481;314,581;319,681;326,781;335,881;346,981;359,1081;374,1181;1040;
410,0;411,481;414,581;419,681;426,781;435,881;446,981;459,1081;474,1181;1050;
510,0;511,481;514,581;519,681;526,781;535,881;546,981;559,1081;574,1181;1060;
610,0;611,481;614,581;619,681;626,781;635,881;646,981;659,1081;674,1181;1070;
710,0;711,481;714,581;719,681;726,781;735,881;746,981;759,1081;774,1181;1080;
810,0;811,481;814,581;819,681;826,781;835,881;846,981;859,1081;874,1181;1090;
910,0;911,481;914,581;919,681;926,781;935,881;946,981;959,1081;974,1181;1100;
20
10,0;11,520;14,620;19,720;26,820;35,920;46,1020;59,1120;74,1220;1010
110,0;111,520;114,620;119,720;126,820;135,920;146,1020;159,1120;174,1220;1020
210,0;211,520;214,620;219,720;226,820;235,920;246,1020;259,1120;274,1220;1030
310,0;311,520;314,620;319,720;326,820;335,920;346,1020;359,1120;374,1220;1040
410,0;411,520;414,620;419,720;426,820;435,920;446,1020;459,1120;474,1220;1050
510,0;511,520;514,620;519,720;526,820;535,920;546,1020;559,1120;574,1220;1060
610,0;611,520;614,620;619,720;626,820;635,920;646,1020;659,1120;674,1220;1070
710,0;711,520;714,620;719,720;726,820;735,920;746,1020;759,1120;774,1220;1080
810,0;811,520;814,620;819,720;826,820;835,920;846,1020;859,1120;874,1220;1090
910,0;911,520;914,620;919,720;926,820;935,920;946,1020;959,1120;974,1220;1100
21
10,0;11,561;14,661;19,761;26,861;35,961;46,1061;59,1161;74,1261;1010
110,0;111,561;114,661;119,761;126,861;135,961;146,1061;159,1161;174,1261;1020
210,0;211,561;214,661;219,761;226,861;235,961;246,1061;259,1161;274,1261;1030
310,0;311,561;314,661;319,761;326,861;335,961;346,1061;359,1161;374,1261;1040
410,0;411,561;414,661;419,761;426,861;435,961;446,1061;459,1161;474,1261;1050
510,0;511,561;514,661;519,761;526,861;535,961;546,1061;559,1161;574,1261;1060
610,0;611,561;614,661;619,761;626,861;635,961;646,1061;659,1161;674,1261;1070
710,0;711,561;714,661;719,761;726,861;735,961;746,1061;759,1161;774,1261;1080
810,0;811,561;814,661;819,761;826,861;835,961;846,1061;859,1161;874,1261;1090
910,0;911,561;914,661;919,761;926,861;935,961;946,1061;959,1161;974,1261;1100
22
10,0;11,604;14,704;19,804;26,904;35,1004;46,1104;59,1204;74,1304;1010
110,0;111,604;114,704;119,804;126,904;135,1004;146,1104;159,1204;174,1304;1020
210,0;211,604;214,704;219,804;226,904;235,1004;246,1104;259,1204;274,1304;1030
310,0;311,604;314,704;319,804;326,904;335,1004;346,1104;359,1204;374,1304;1040
410,0;411,604;414,704;419,804;426,904;435,1004;446,1104;459,1204;474,1304;1050
510,0;511,604;514,704;519,804;526,904;535,1004;546,1104;559,1204;574,1304;1060
610,0;611,604;614,704;619,804;626,904;635,1004;646,1104;659,1204;674,1304;1070
710,0;711,604;714,704;719,804;726,904;735,1004;746,1104;759,1204;774,1304;1080
810,0;811,604;814,704;819,804;826,904;835,1004;846,1104;859,1204;874,1304;1090
910,0;911,604;914,704;919,804;926,904;935,1004;946,1104;959,1204;974,1304;1100
23
10,0;11,649;14,749;19,849;26,949;35,1049;46,1149;59,1249;74,1349;1010
110,0;111,649;114,749;119,849;126,949;135,1049;146,1149;159,1249;174,1349;1020
210,0;211,649;214,749;219,849;226,949;235,1049;246,1149;259,1249;274,1349;1030
310,0;311,649;314,749;319,849;326,949;335,1049;346,1149;359,1249;374,1349;1040
410,0;411,649;414,749;419,849;426,949;435,1049;446,1149;459,1249;474,1349;1050
510,0;511,649;514,749;519,849;526,949;535,1049;546,1149;559,1249;574,1349;1060
610,0;611,649;614,749;619,849;626,949;635,1049;646,1149;659,1249;674,1349;1070
710,0;711,649;714,749;719,849;726,949;735,1049;746,1149;759,1249;774,1349;1080
810,0;811,649;814,749;819,849;826,949;835,1049;846,1149;859,1249;874,1349;1090
910,0;911,649;914,749;919,849;926,949;935,1049;946,1149;959,1249;974,1349;1100
